%0.02812780393	0.008043254952
%0.9960074568	0.9958844201
%Normed hits	Normed Secret Hits
1	1
1	1
1	1
1	1
1	1
1	1
1	1
1	1
1	1
1	1
1	1
1	1
1	1
1	1
1	1
1	1
1	1
1	1
1	1
1	1
1	1
1	1
1	1
1	1
1	1
1	1
1	1
1	1
1	1
1	1
1	1
1	1
1	1
1	1
1	1
1	1
1	1
1	1
1	1
1	1
1	1
1	1
1	1
1	1
1	1
1	1
1	1
1	1
1	1
1	1
1	1
1	1
1	1
1	1
1	1
1	1
1	1
1	1
1	1
1	1
1	1
1	1
1	1
1	1
1	1
1	1
1	1
1	1
1	1
1	1
1	1
1	1
1	1
1	1
1	1
1	1
1	1
1	1
1	1
1	1
1	1
1	1
1	1
1	1
1	1
1	1
1	1
1	1
1	1
1	1
1	1
1	1
1	1
1	1
1	1
1	1
1	1
1	1
1	1
1	1
1	1
1	1
1	1
1	1
1	1
1	1
1	1
1	1
1	1
1	1
1	1
1	1
1	1
1	1
1	1
1	1
1	1
1	1
1	1
1	1
1	1
1	1
1	1
1	1
1	1
1	1
1	1
1	1
1	1
1	1
1	1
1	1
1	1
1	1
1	1
1	1
1	1
1	1
1	1
0.9928571429	1
0.9929078014	1
0.9929577465	1
0.993006993	1
0.9930555556	1
0.9931034483	1
0.9931506849	1
0.9931972789	1
0.9932432432	1
0.9932885906	1
0.9933333333	1
0.9933774834	1
0.9934210526	1
0.9934640523	1
0.9935064935	1
0.9935483871	1
0.9935897436	1
0.9936305732	1
0.9936708861	1
0.9937106918	1
0.99375	1
0.9937888199	1
0.9938271605	1
0.9938650307	1
0.993902439	1
0.9939393939	1
0.9939759036	1
0.994011976	1
0.994047619	1
0.9940828402	1
0.9941176471	1
0.9941520468	1
0.9941860465	1
0.9942196532	1
0.9942528736	1
0.9942857143	0.9942857143
0.9943181818	0.9943181818
0.9943502825	0.9943502825
0.9943820225	0.9943820225
0.9944134078	0.9944134078
0.9944444444	0.9944444444
0.9944751381	0.9889502762
0.9945054945	0.989010989
0.9945355191	0.9890710383
0.9945652174	0.9891304348
0.9945945946	0.9891891892
0.9946236559	0.9892473118
0.9946524064	0.9893048128
0.9946808511	0.9893617021
0.9947089947	0.9894179894
0.9947368421	0.9894736842
0.9947643979	0.9842931937
0.9947916667	0.984375
0.9948186528	0.9844559585
0.9948453608	0.9845360825
0.9948717949	0.9846153846
0.9948979592	0.9846938776
0.9949238579	0.9847715736
0.9949494949	0.9848484848
0.9949748744	0.9849246231
0.995	0.985
0.9950248756	0.9850746269
0.995049505	0.9851485149
0.9950738916	0.9852216749
0.9950980392	0.9852941176
0.9951219512	0.9853658537
0.9951456311	0.9854368932
0.9951690821	0.9806763285
0.9951923077	0.9807692308
0.995215311	0.980861244
0.9952380952	0.980952381
0.9952606635	0.981042654
0.9952830189	0.9811320755
0.9953051643	0.9812206573
0.9953271028	0.9813084112
0.9953488372	0.9813953488
0.9953703704	0.9814814815
0.9953917051	0.9815668203
0.995412844	0.9816513761
0.99543379	0.9817351598
0.9954545455	0.9818181818
0.9954751131	0.9819004525
0.9954954955	0.981981982
0.9955156951	0.9820627803
0.9955357143	0.9821428571
0.9955555556	0.9822222222
0.9955752212	0.982300885
0.9955947137	0.9823788546
0.9956140351	0.9824561404
0.9956331878	0.9825327511
0.9956521739	0.9826086957
0.9956709957	0.9783549784
0.9956896552	0.974137931
0.9957081545	0.974248927
0.9957264957	0.9743589744
0.9957446809	0.9744680851
0.9957627119	0.9745762712
0.9957805907	0.9746835443
0.9957983193	0.974789916
0.9958158996	0.9748953975
0.9958333333	0.975
0.9958506224	0.9751037344
0.9958677686	0.9752066116
0.9917695473	0.975308642
0.9918032787	0.9754098361
0.9918367347	0.9755102041
0.9918699187	0.9756097561
0.991902834	0.975708502
0.9919354839	0.9758064516
0.9919678715	0.9759036145
0.992	0.976
0.9920318725	0.9760956175
0.9920634921	0.9761904762
0.9920948617	0.976284585
0.9921259843	0.9724409449
0.9921568627	0.9725490196
0.9921875	0.97265625
0.9922178988	0.9727626459
0.992248062	0.9728682171
0.9922779923	0.972972973
0.9923076923	0.9730769231
0.9923371648	0.9731800766
0.9923664122	0.9732824427
0.9923954373	0.9733840304
0.9924242424	0.9696969697
0.9924528302	0.9698113208
0.992481203	0.969924812
0.9925093633	0.9700374532
0.9925373134	0.9701492537
0.9925650558	0.970260223
0.9925925926	0.9703703704
0.9926199262	0.9704797048
0.9926470588	0.9705882353
0.9926739927	0.9706959707
0.9927007299	0.9708029197
0.9927272727	0.9709090909
0.9927536232	0.9710144928
0.9927797834	0.9711191336
0.9928057554	0.9712230216
0.9928315412	0.9713261649
0.9928571429	0.9714285714
0.9928825623	0.9715302491
0.9929078014	0.9716312057
0.9929328622	0.9717314488
0.9929577465	0.9718309859
0.9929824561	0.9719298246
0.993006993	0.972027972
0.9930313589	0.9721254355
0.9930555556	0.9722222222
0.9930795848	0.9723183391
0.9931034483	0.9724137931
0.9931271478	0.9725085911
0.9931506849	0.9726027397
0.9931740614	0.9726962457
0.9931972789	0.9727891156
0.993220339	0.9728813559
0.9932432432	0.972972973
0.9932659933	0.9730639731
0.9932885906	0.9731543624
0.9933110368	0.9732441472
0.9933333333	0.9733333333
0.9933554817	0.9734219269
0.9933774834	0.9735099338
0.9933993399	0.9735973597
0.9934210526	0.9736842105
0.993442623	0.9737704918
0.9934640523	0.9738562092
0.993485342	0.9739413681
0.9935064935	0.974025974
0.9935275081	0.9741100324
0.9935483871	0.9741935484
0.9935691318	0.9742765273
0.9935897436	0.9743589744
0.9936102236	0.9744408946
0.9936305732	0.974522293
0.9936507937	0.9746031746
0.9936708861	0.9746835443
0.9936908517	0.9747634069
0.9937106918	0.9748427673
0.9937304075	0.9749216301
0.99375	0.975
0.9937694704	0.9750778816
0.9937888199	0.9751552795
0.9938080495	0.9752321981
0.9938271605	0.975308642
0.9938461538	0.9753846154
0.9938650307	0.9754601227
0.993883792	0.9755351682
0.993902439	0.9756097561
0.9939209726	0.9756838906
0.9939393939	0.9757575758
0.9939577039	0.9758308157
0.9939759036	0.9759036145
0.993993994	0.975975976
0.994011976	0.9760479042
0.9940298507	0.976119403
0.994047619	0.9761904762
0.9940652819	0.9762611276
0.9940828402	0.9763313609
0.994100295	0.9764011799
0.9941176471	0.9764705882
0.9941348974	0.9765395894
0.9941520468	0.9766081871
0.9941690962	0.9766763848
0.9941860465	0.976744186
0.9942028986	0.9768115942
0.9942196532	0.9768786127
0.9942363112	0.976945245
0.9942528736	0.9770114943
0.994269341	0.9770773639
0.9942857143	0.9771428571
0.9943019943	0.9772079772
0.9943181818	0.9772727273
0.9943342776	0.9773371105
0.9943502825	0.9774011299
0.9943661972	0.9774647887
0.9943820225	0.9775280899
0.9943977591	0.9775910364
0.9944134078	0.9776536313
0.9944289694	0.9777158774
0.9944444444	0.9777777778
0.9944598338	0.9778393352
0.9944751381	0.9779005525
0.9944903581	0.9779614325
0.9945054945	0.978021978
0.9945205479	0.9780821918
0.9945355191	0.9781420765
0.9945504087	0.9782016349
0.9945652174	0.9782608696
0.9945799458	0.9783197832
0.9945945946	0.9783783784
0.9946091644	0.9784366577
0.9946236559	0.9784946237
0.9946380697	0.9785522788
0.9946524064	0.9786096257
0.9946666667	0.9786666667
0.9946808511	0.9787234043
0.9946949602	0.9787798408
0.9947089947	0.9788359788
0.9947229551	0.9788918206
0.9947368421	0.9789473684
0.9947506562	0.9790026247
0.9947643979	0.9790575916
0.9947780679	0.9791122715
0.9947916667	0.9791666667
0.9948051948	0.9792207792
0.9948186528	0.9792746114
0.9948320413	0.9793281654
0.9948453608	0.9793814433
0.9948586118	0.9794344473
0.9948717949	0.9794871795
0.9948849105	0.9795396419
0.9948979592	0.9795918367
0.9949109415	0.9796437659
0.9949238579	0.9796954315
0.9949367089	0.9797468354
0.9949494949	0.9797979798
0.9949622166	0.9798488665
0.9949748744	0.9798994975
0.9949874687	0.9799498747
0.995	0.98
0.9950124688	0.9800498753
0.9950248756	0.9800995025
0.9950372208	0.9801488834
0.995049505	0.9801980198
0.9950617284	0.9802469136
0.9950738916	0.9802955665
0.9950859951	0.9803439803
0	1
0.5	1
0.6666666667	1
0.75	1
0.8	1
0.8333333333	1
0.8571428571	1
0.875	1
0.8888888889	1
0.9	1
0.9090909091	1
0.9166666667	1
0.9230769231	1
0.9285714286	1
0.9333333333	1
0.9375	1
0.9411764706	1
0.9444444444	1
0.9473684211	1
0.95	1
0.9523809524	1
0.9545454545	1
0.9565217391	1
0.9583333333	1
0.96	1
0.9615384615	1
0.962962963	1
0.9642857143	1
0.9655172414	1
0.9666666667	1
0.9677419355	1
0.96875	1
0.9696969697	1
0.9705882353	1
0.9714285714	1
0.9722222222	1
0.972972973	1
0.9736842105	1
0.9743589744	1
0.975	1
0.9756097561	1
0.9761904762	1
0.976744186	1
0.9772727273	1
0.9777777778	1
0.9782608696	1
0.9787234043	1
0.9791666667	1
0.9795918367	1
0.98	1
0.9803921569	1
0.9807692308	1
0.9811320755	1
0.9814814815	1
0.9818181818	1
0.9821428571	1
0.9824561404	1
0.9827586207	1
0.9830508475	1
0.9833333333	1
0.9836065574	1
0.9838709677	1
0.9841269841	1
0.984375	1
0.9846153846	1
0.9848484848	1
0.9850746269	1
0.9852941176	1
0.9855072464	1
0.9857142857	1
0.985915493	1
0.9861111111	1
0.9863013699	1
0.9864864865	1
0.9866666667	1
0.9868421053	1
0.987012987	1
0.9871794872	1
0.9873417722	1
0.9875	1
0.987654321	1
0.987804878	1
0.9879518072	1
0.9880952381	1
0.9882352941	1
0.988372093	1
0.9885057471	1
0.9886363636	1
0.9887640449	1
0.9888888889	1
0.989010989	1
0.9891304348	1
0.9892473118	1
0.9893617021	1
0.9894736842	1
0.9895833333	1
0.9896907216	1
0.9897959184	1
0.9898989899	1
0.99	1
0.9900990099	1
0.9901960784	1
0.9902912621	1
0.9903846154	1
0.9904761905	1
0.9905660377	1
0.9906542056	1
0.9907407407	1
0.9908256881	1
0.9909090909	1
0.990990991	1
0.9910714286	1
0.9911504425	1
0.9912280702	1
0.9913043478	1
0.9913793103	1
0.9914529915	1
0.9915254237	1
0.9915966387	1
0.9916666667	1
0.9917355372	1
0.9918032787	1
0.9918699187	1
0.9919354839	1
0.992	1
0.9920634921	1
0.9921259843	1
0.9921875	1
0.992248062	1
0.9923076923	1
0.9923664122	1
0.9924242424	1
0.992481203	1
0.9925373134	1
0.9925925926	1
0.9926470588	1
0.9927007299	1
0.9927536232	1
0.9928057554	1
0.9928571429	1
0.9929078014	1
0.9929577465	1
0.993006993	1
0.9930555556	1
0.9931034483	1
0.9931506849	1
0.9931972789	1
0.9932432432	1
0.9932885906	1
0.9933333333	1
0.9933774834	1
0.9934210526	1
0.9934640523	1
0.9935064935	1
0.9935483871	1
0.9935897436	1
0.9936305732	1
0.9936708861	1
0.9937106918	1
0.99375	1
0.9937888199	1
0.9938271605	1
0.9938650307	1
0.993902439	1
0.9939393939	1
0.9939759036	1
0.994011976	1
0.994047619	1
0.9940828402	0.9940828402
0.9941176471	0.9941176471
0.9941520468	0.9941520468
0.9941860465	0.9941860465
0.9942196532	0.9942196532
0.9942528736	0.9885057471
0.9942857143	0.9828571429
0.9943181818	0.9829545455
0.9943502825	0.9830508475
0.9943820225	0.9831460674
0.9944134078	0.9832402235
0.9944444444	0.9833333333
0.9944751381	0.9834254144
0.9945054945	0.9835164835
0.9945355191	0.9836065574
0.9945652174	0.9836956522
0.9945945946	0.9837837838
0.9946236559	0.9838709677
0.9946524064	0.9839572193
0.9946808511	0.9840425532
0.9947089947	0.9841269841
0.9947368421	0.9842105263
0.9947643979	0.9842931937
0.9947916667	0.984375
0.9948186528	0.9844559585
0.9948453608	0.9845360825
0.9948717949	0.9846153846
0.9948979592	0.9846938776
0.9949238579	0.9847715736
0.9949494949	0.9848484848
0.9949748744	0.9849246231
0.995	0.985
0.9950248756	0.9850746269
0.995049505	0.9851485149
0.9950738916	0.9852216749
0.9950980392	0.9852941176
0.9951219512	0.9804878049
0.9951456311	0.9805825243
0.9951690821	0.9806763285
0.9951923077	0.9807692308
0.995215311	0.980861244
0.9952380952	0.980952381
0.9952606635	0.981042654
0.9952830189	0.9811320755
0.9953051643	0.9812206573
0.9953271028	0.9813084112
0.9953488372	0.9813953488
0.9953703704	0.9814814815
0.9953917051	0.9815668203
0.995412844	0.9816513761
0.99543379	0.9817351598
0.9954545455	0.9818181818
0.9954751131	0.9819004525
0.9954954955	0.981981982
0.9955156951	0.9820627803
0.9955357143	0.9821428571
0.9955555556	0.9822222222
0.9955752212	0.982300885
0.9955947137	0.9823788546
0.9956140351	0.9824561404
0.9956331878	0.9825327511
0.9956521739	0.9826086957
0.9956709957	0.9826839827
0.9956896552	0.9827586207
0.9957081545	0.982832618
0.9957264957	0.9829059829
0.9957446809	0.9829787234
0.9957627119	0.9830508475
0.9957805907	0.9831223629
0.9957983193	0.9831932773
0.9958158996	0.9832635983
0.9958333333	0.9833333333
0.9958506224	0.9834024896
0.9958677686	0.9834710744
0.9958847737	0.9835390947
0.9959016393	0.9836065574
0.9959183673	0.9836734694
0.9959349593	0.9837398374
0.995951417	0.983805668
0.9959677419	0.9838709677
0.9959839357	0.983935743
0.996	0.984
0.9960159363	0.984063745
0.996031746	0.9841269841
0.9960474308	0.9841897233
0.9960629921	0.9842519685
0.9960784314	0.9843137255
0.99609375	0.984375
0.9961089494	0.9844357977
0.996124031	0.984496124
0.9961389961	0.9845559846
0.9961538462	0.9846153846
0.9961685824	0.9846743295
0.9961832061	0.9847328244
0.9961977186	0.9847908745
0.9962121212	0.9848484848
0.9962264151	0.9849056604
0.9962406015	0.984962406
0.9962546816	0.9850187266
0.9962686567	0.9850746269
0.9962825279	0.9851301115
0.9962962963	0.9851851852
0.9963099631	0.9852398524
0.9963235294	0.9852941176
0.9963369963	0.9853479853
0.996350365	0.9854014599
0.9963636364	0.9854545455
0.9963768116	0.9855072464
0.9963898917	0.9855595668
0.9964028777	0.9856115108
0.9964157706	0.9856630824
0.9964285714	0.9857142857
0.9964412811	0.9857651246
0.9964539007	0.9858156028
0.9964664311	0.9858657244
0.9964788732	0.985915493
0.9964912281	0.9859649123
0.9965034965	0.986013986
0.9965156794	0.9860627178
0.9965277778	0.9861111111
0.9965397924	0.9861591696
0.9965517241	0.9862068966
0.9965635739	0.9862542955
0.9965753425	0.9863013699
0.9965870307	0.9863481229
0.9965986395	0.9863945578
0.9966101695	0.986440678
0.9966216216	0.9864864865
0.9966329966	0.9865319865
0.9966442953	0.9865771812
0.9966555184	0.9866220736
0.9966666667	0.9866666667
0.9966777409	0.9867109635
0.9966887417	0.9867549669
0.99669967	0.9867986799
0.9967105263	0.9868421053
0.9967213115	0.9868852459
0.9967320261	0.9869281046
0.996742671	0.986970684
0.9967532468	0.987012987
0.996763754	0.9870550162
0.9967741935	0.9870967742
0.9967845659	0.9871382637
0.9967948718	0.9871794872
0.9968051118	0.9872204473
0.9968152866	0.9872611465
0.9968253968	0.9873015873
0.996835443	0.9873417722
0.9968454259	0.9873817035
0.9968553459	0.9874213836
0.9968652038	0.987460815
0.996875	0.9875
0.9968847352	0.9875389408
0.9968944099	0.9875776398
0.9969040248	0.9876160991
0.9969135802	0.987654321
0.9969230769	0.9876923077
0.9969325153	0.9877300613
0.996941896	0.9877675841
0.9969512195	0.987804878
0.9969604863	0.9878419453
0.996969697	0.9878787879
0.996978852	0.9879154079
0.9969879518	0.9879518072
0.996996997	0.987987988
0.997005988	0.9880239521
0.9970149254	0.9880597015
0.9970238095	0.9880952381
0.9970326409	0.9881305638
0.9970414201	0.9881656805
0.9970501475	0.98820059
0.9970588235	0.9882352941
0.9970674487	0.9882697947
0.9970760234	0.9883040936
0.9970845481	0.9883381924
0.9970930233	0.988372093
0.9971014493	0.9884057971
0.9971098266	0.9884393064
0.9971181556	0.9884726225
0.9971264368	0.9885057471
0.9971346705	0.9885386819
0.9971428571	0.9885714286
0.9971509972	0.9886039886
0.9971590909	0.9886363636
0.9971671388	0.9886685552
0.9971751412	0.988700565
0.9971830986	0.9887323944
0.9971910112	0.9887640449
0.9971988796	0.9887955182
0.9972067039	0.9888268156
0.9972144847	0.9888579387
0.9972222222	0.9888888889
0.9972299169	0.9889196676
0.9972375691	0.9889502762
0.9972451791	0.9889807163
0.9972527473	0.989010989
0.997260274	0.9890410959
0.9972677596	0.9890710383
0.9972752044	0.9891008174
0.9972826087	0.9891304348
0.9972899729	0.9891598916
0.9972972973	0.9891891892
0.9973045822	0.9892183288
0.997311828	0.9892473118
0.9973190349	0.9892761394
0.9973262032	0.9893048128
0.9973333333	0.9893333333
0.9973404255	0.9893617021
0.9973474801	0.9893899204
0.9973544974	0.9894179894
0.9973614776	0.9894459103
0.9973684211	0.9894736842
0.9973753281	0.9895013123
0.997382199	0.9895287958
0.9973890339	0.9895561358
0.9973958333	0.9895833333
0.9974025974	0.9896103896
0.9974093264	0.9896373057
0.9974160207	0.9896640827
0.9974226804	0.9896907216
0.9974293059	0.9897172237
0.9974358974	0.9897435897
0.9974424552	0.989769821
0.9974489796	0.9897959184
0.9974554707	0.989821883
0.9974619289	0.9898477157
0.9974683544	0.9898734177
0.9974747475	0.9898989899
0.9974811083	0.9899244332
0.9974874372	0.9899497487
0.9974937343	0.9899749373
0.9975	0.99
0.9975062344	0.9900249377
0.9975124378	0.9900497512
0.9975186104	0.9900744417
0.9975247525	0.9900990099
0.9975308642	0.9901234568
0.9975369458	0.9901477833
0.9975429975	0.9901719902
0.9975490196	0.9901960784
1	1
1	1
1	1
1	1
1	1
1	1
1	1
1	1
1	1
1	1
1	1
1	1
1	1
1	1
1	1
1	1
1	1
1	1
1	1
1	1
1	1
1	1
1	1
1	1
1	1
1	1
1	1
1	1
1	1
1	1
1	1
1	1
1	1
1	1
1	1
1	1
1	1
1	1
1	1
1	1
1	1
1	1
1	1
1	1
1	1
1	1
1	1
1	1
1	1
1	1
1	1
1	1
1	1
1	1
1	1
1	1
1	1
1	1
1	1
1	1
1	1
1	1
1	1
1	1
1	1
1	1
1	1
1	1
1	1
1	1
1	1
1	1
1	1
1	1
1	1
1	1
1	1
1	1
1	1
1	1
1	1
1	1
1	1
1	1
1	1
1	1
1	1
1	1
1	1
1	1
1	1
1	1
1	1
1	1
1	1
1	1
1	1
1	1
1	1
1	1
1	1
1	1
1	1
1	1
1	1
1	1
1	1
1	1
1	1
1	1
1	1
1	1
1	1
1	1
1	1
1	1
1	1
1	1
1	1
1	1
1	1
1	1
1	1
1	1
1	1
1	1
1	1
1	1
1	1
1	1
1	1
1	1
1	1
1	1
1	1
1	1
1	1
1	1
1	1
1	1
1	1
1	1
1	1
1	1
1	1
1	1
1	1
1	1
1	1
1	1
1	1
1	1
1	1
1	1
1	1
1	1
1	1
1	1
1	1
1	1
1	1
1	1
1	1
1	1
1	1
1	1
1	1
1	1
1	1
1	1
1	1
1	1
1	1
1	1
1	1
1	1
1	1
1	1
1	1
1	1
1	1
1	1
1	1
1	1
1	1
1	1
1	1
1	1
1	1
1	1
1	1
1	1
1	1
1	1
1	1
1	1
1	1
1	1
1	1
1	1
1	1
1	1
1	1
1	1
1	1
1	1
1	1
1	1
1	1
1	1
1	1
1	1
1	1
1	1
1	1
1	1
1	1
1	1
1	1
1	1
1	1
1	1
1	1
1	1
1	1
1	1
1	1
1	1
1	1
1	1
1	1
1	1
1	1
1	1
1	1
1	1
1	1
1	1
1	1
1	1
1	1
1	1
1	1
1	1
1	1
1	1
1	1
1	1
1	1
1	1
1	1
1	1
1	1
1	1
1	1
1	1
1	1
1	1
1	1
1	1
1	1
1	1
1	1
1	1
1	1
1	1
1	1
1	1
1	1
1	1
1	1
1	1
1	1
1	1
1	1
1	1
1	1
1	1
1	1
1	1
1	1
1	1
1	1
1	1
1	1
1	1
1	1
1	1
1	1
1	1
1	1
1	1
1	1
1	1
1	1
1	1
1	1
1	1
1	1
1	1
1	1
1	1
1	1
1	1
1	1
1	1
1	1
1	1
1	1
1	1
1	1
1	1
1	1
1	1
1	1
1	1
1	1
1	1
1	1
1	1
1	1
1	1
1	1
1	1
1	1
1	1
1	1
1	1
1	1
1	1
1	1
1	1
1	1
1	1
1	1
1	1
1	1
1	1
1	1
1	1
1	1
1	1
1	1
1	1
1	1
1	1
1	1
1	1
1	1
1	1
1	1
1	1
1	1
1	1
1	1
1	1
1	1
1	1
1	1
1	1
1	1
1	1
1	1
1	1
1	1
1	1
1	1
1	1
1	1
1	1
1	1
1	1
1	1
1	1
1	1
1	1
1	1
1	1
1	1
1	1
1	1
1	1
1	1
1	1
1	1
1	1
1	1
1	1
1	1
1	1
1	1
1	1
1	1
1	1
1	1
1	1
1	1
1	1
1	1
1	1
1	1
1	1
1	1
1	1
1	1
1	1
1	1
1	1
1	1
1	1
1	1
1	1
1	1
1	1
1	1
1	1
1	1
1	1
1	1
1	1
1	1
1	1
1	1
1	1
1	1
1	1
1	1
1	1
1	1
1	1
1	1
1	1
1	1
1	1
1	1
1	1
1	1
1	1
1	1
1	1
1	1
1	1
1	1
1	1
1	1
1	1
1	1
1	1
1	1
1	1
1	1
1	1
1	1
1	1
1	1
1	1
1	1
1	1
1	1
1	1
1	1
1	1
1	1
1	1
1	1
1	1
1	1
1	1
1	1
1	1
1	1
1	1
1	1
1	1
1	1
1	1
1	1
1	1
1	1
1	1
1	1
1	1
1	1
1	1
1	1
1	1
1	1
1	1
1	1
1	1
1	1
1	1
1	1
1	1
1	1
1	1
1	1
1	1
1	1
1	1
1	1
1	1
1	1
1	1
1	1
1	1
1	1
1	1
1	1
1	1
1	1
1	1
1	1
1	1
1	1
1	1
1	1
1	1
1	1
1	1
1	1
1	1
1	1
1	1
1	1
1	1
1	1
1	1
1	1
1	1
1	1
1	1
1	1
1	1
1	1
1	1
1	1
1	1
1	1
1	1
1	1
1	1
1	1
1	1
1	1
1	1
1	1
1	1
1	1
1	1
1	1
1	1
1	1
1	1
1	1
1	1
1	1
1	1
1	1
1	1
1	1
1	1
1	1
1	1
1	1
1	1
1	1
1	1
1	1
1	1
1	1
1	1
1	1
1	1
1	1
1	1
1	1
1	1
1	1
1	1
1	1
1	1
1	1
1	1
1	1
1	1
1	1
1	1
1	1
1	1
1	1
1	1
1	1
1	1
1	1
1	1
1	1
1	1
1	1
1	1
1	1
1	1
1	1
1	1
1	1
1	1
1	1
1	1
1	1
1	1
1	1
1	1
1	1
1	1
1	1
1	1
1	1
1	1
1	1
1	1
1	1
1	1
1	1
1	1
1	1
1	1
1	1
1	1
1	1
1	1
1	1
1	1
1	1
1	1
1	1
1	1
1	1
1	1
1	1
1	1
1	1
1	1
1	1
1	1
1	1
1	1
1	1
1	1
1	1
1	1
1	1
1	1
1	1
1	1
1	1
1	1
1	1
1	1
1	1
1	1
1	1
1	1
1	1
1	1
1	1
1	1
1	1
1	1
1	1
1	1
1	1
1	1
1	1
1	1
1	1
1	1
1	1
1	1
1	1
1	1
1	1
1	1
1	1
1	1
1	1
1	1
1	1
1	1
1	1
1	1
1	1
1	1
1	1
1	1
1	1
1	1
1	1
1	1
1	1
1	1
1	1
1	1
1	1
1	1
1	1
1	1
1	1
1	1
1	1
1	1
1	1
1	1
1	1
1	1
1	1
1	1
1	1
1	1
1	1
1	1
1	1
1	1
1	1
1	1
1	1
1	1
1	1
1	1
1	1
1	1
1	1
1	1
1	1
1	1
1	1
1	1
1	1
1	1
1	1
1	1
1	1
1	1
1	1
1	1
1	1
1	1
1	1
1	1
1	1
1	1
1	1
1	1
1	1
1	1
1	1
1	1
1	1
1	1
1	1
1	1
1	1
1	1
1	1
1	1
1	1
1	1
1	1
1	1
1	1
1	1
1	1
1	1
1	1
1	1
1	1
1	1
1	1
1	1
1	1
1	1
1	1
1	1
1	1
1	1
1	1
1	1
1	1
1	1
1	1
1	1
1	1
1	1
1	1
1	1
1	1
1	1
1	1
1	1
1	1
1	1
1	1
1	1
1	1
1	1
1	1
1	1
1	1
1	1
1	1
1	1
1	1
1	1
1	1
1	1
1	1
1	1
1	1
1	1
1	1
1	1
1	1
1	1
1	1
1	1
1	1
1	1
1	1
1	1
1	1
1	1
1	1
1	1
1	1
1	1
1	1
1	1
1	1
1	1
1	1
1	1
1	1
1	1
1	1
1	1
1	1
1	1
1	1
1	1
1	1
1	1
1	1
1	1
1	1
1	1
1	1
1	1
1	1
1	1
1	1
1	1
1	1
1	1
1	1
1	1
1	1
1	1
1	1
1	1
1	1
1	1
1	1
1	1
1	1
1	1
1	1
1	1
1	1
1	1
1	1
1	1
1	1
1	1
1	1
1	1
1	1
1	1
1	1
1	1
1	1
1	1
1	1
1	1
1	1
1	1
1	1
1	1
1	1
1	1
1	1
1	1
1	1
1	1
1	1
1	1
1	1
1	1
1	1
1	1
1	1
1	1
1	1
1	1
1	1
1	1
1	1
1	1
1	1
1	1
1	1
1	1
1	1
1	1
1	1
1	1
1	1
1	1
1	1
1	1
1	1
1	1
1	1
1	1
1	1
1	1
1	1
1	1
1	1
1	1
1	1
1	1
1	1
1	1
1	1
1	1
1	1
1	1
1	1
1	1
1	1
1	1
1	1
1	1
1	1
1	1
1	1
1	1
1	1
1	1
1	1
1	1
1	1
1	1
1	1
1	1
1	1
1	1
1	1
1	1
1	1
1	1
1	1
1	1
1	1
1	1
1	1
1	1
1	1
1	1
1	1
1	1
1	1
1	1
1	1
1	1
1	1
1	1
1	1
1	1
1	1
1	1
1	1
1	1
1	1
1	1
1	1
1	1
1	1
1	1
1	1
1	1
1	1
1	1
1	1
1	1
1	1
1	1
1	1
1	1
1	1
1	1
1	1
1	1
1	1
1	1
1	1
1	1
1	1
1	1
1	1
1	1
1	1
1	1
1	1
1	1
1	1
1	1
1	1
1	1
1	1
1	1
1	1
1	1
1	1
1	1
1	1
1	1
1	1
1	1
1	1
1	1
1	1
1	1
1	1
1	1
1	1
1	1
1	1
1	1
1	1
1	1
1	1
1	1
1	1
1	1
1	1
1	1
1	1
1	1
1	1
1	1
1	1
1	1
1	1
1	1
1	1
1	1
1	1
1	1
1	1
1	1
1	1
1	1
1	1
1	1
1	1
1	1
1	1
1	1
1	1
1	1
1	1
1	1
1	1
1	1
1	1
1	1
1	1
1	1
1	1
1	1
1	1
1	1
1	1
1	1
1	1
1	1
1	1
1	1
1	1
1	1
1	1
1	1
1	1
1	1
1	1
1	1
1	1
1	1
1	1
1	1
1	1
1	1
1	1
1	1
1	1
1	1
1	1
1	1
1	1
1	1
1	1
1	1
1	1
1	1
1	1
1	1
1	1
1	1
1	1
1	1
1	1
1	1
1	1
1	1
1	1
1	1
1	1
1	1
1	1
1	1
1	1
1	1
1	1
1	1
1	1
1	1
1	1
1	1
1	1
1	1
1	1
1	1
1	1
1	1
1	1
1	1
1	1
1	1
1	1
1	1
1	1
1	1
1	1
1	1
1	1
1	1
1	1
1	1
1	1
1	1
1	1
1	1
1	1
1	1
1	1
1	1
1	1
1	1
1	1
1	1
1	1
1	1
1	1
1	1
1	1
1	1
1	1
1	1
1	1
1	1
1	1
1	1
1	1
1	1
1	1
1	1
1	1
1	1
1	1
1	1
1	1
1	1
1	1
1	1
1	1
1	1
1	1
1	1
1	1
1	1
1	1
1	1
1	1
1	1
1	1
1	1
1	1
1	1
1	1
1	1
1	1
1	1
1	1
1	1
1	1
1	1
1	1
1	1
1	1
1	1
1	1
1	1
1	1
1	1
1	1
1	1
1	1
1	1
1	1
1	1
1	1
1	1
1	1
1	1
1	1
1	1
1	1
1	1
1	1
1	1
1	1
1	1
1	1
1	1
1	1
1	1
1	1
1	1
1	1
1	1
1	1
1	1
1	1
1	1
1	1
1	1
1	1
1	1
1	1
1	1
1	1
1	1
1	1
1	1
1	1