%0.008544482743	0.09299271545	0.1120859617
%0.995100995	0.9515722038	0.9484125792
%Normed hits	Normed Secret Hits	Normed L_Privacy Hits
1	0	1
1	0.5	0.5
1	0.3333333333	0.3333333333
1	0.25	0.25
1	0.4	0.2
1	0.5	0.1666666667
1	0.4285714286	0.1428571429
1	0.375	0.25
1	0.4444444444	0.3333333333
1	0.5	0.4
1	0.5454545455	0.4545454545
1	0.5833333333	0.5
1	0.6153846154	0.5384615385
1	0.6428571429	0.5714285714
1	0.6666666667	0.6
1	0.6875	0.625
1	0.7058823529	0.6470588235
1	0.6666666667	0.6666666667
1	0.6842105263	0.6315789474
1	0.7	0.6
1	0.6666666667	0.619047619
1	0.6818181818	0.6363636364
1	0.6956521739	0.652173913
1	0.7083333333	0.6666666667
1	0.72	0.68
1	0.7307692308	0.6923076923
1	0.7407407407	0.7037037037
1	0.75	0.7142857143
1	0.7586206897	0.724137931
1	0.7666666667	0.7333333333
1	0.7741935484	0.7419354839
1	0.78125	0.75
1	0.7878787879	0.7575757576
1	0.7941176471	0.7647058824
1	0.7714285714	0.7714285714
1	0.7777777778	0.75
1	0.7837837838	0.7567567568
1	0.7894736842	0.7368421053
1	0.7948717949	0.7435897436
1	0.8	0.75
0.9756097561	0.8048780488	0.756097561
0.9761904762	0.8095238095	0.7619047619
0.976744186	0.8139534884	0.7674418605
0.9772727273	0.7954545455	0.75
0.9777777778	0.7777777778	0.7333333333
0.9782608696	0.7608695652	0.7173913043
0.9787234043	0.7446808511	0.7234042553
0.9791666667	0.7291666667	0.7291666667
0.9795918367	0.7142857143	0.7346938776
0.98	0.7	0.74
0.9803921569	0.7058823529	0.7450980392
0.9807692308	0.7115384615	0.75
0.9811320755	0.7169811321	0.7547169811
0.9814814815	0.7037037037	0.7592592593
0.9818181818	0.7090909091	0.7636363636
0.9821428571	0.6964285714	0.7678571429
0.9824561404	0.6842105263	0.7719298246
0.9827586207	0.6724137931	0.775862069
0.9830508475	0.6610169492	0.7796610169
0.9833333333	0.65	0.7833333333
0.9836065574	0.6393442623	0.7868852459
0.9838709677	0.6451612903	0.7903225806
0.9841269841	0.6507936508	0.7936507937
0.984375	0.65625	0.796875
0.9846153846	0.6615384615	0.7846153846
0.9848484848	0.6666666667	0.7727272727
0.9850746269	0.671641791	0.7611940299
0.9852941176	0.6764705882	0.7647058824
0.9855072464	0.6811594203	0.768115942
0.9857142857	0.6857142857	0.7571428571
0.985915493	0.6901408451	0.7464788732
0.9861111111	0.6944444444	0.75
0.9863013699	0.698630137	0.7534246575
0.9864864865	0.7027027027	0.7432432432
0.9866666667	0.7066666667	0.7333333333
0.9868421053	0.7105263158	0.7236842105
0.987012987	0.7142857143	0.7142857143
0.9871794872	0.7179487179	0.7051282051
0.9873417722	0.7215189873	0.6962025316
0.9875	0.725	0.6875
0.987654321	0.7283950617	0.6790123457
0.987804878	0.7317073171	0.6707317073
0.9879518072	0.734939759	0.6626506024
0.9880952381	0.7380952381	0.6547619048
0.9882352941	0.7294117647	0.6588235294
0.988372093	0.7209302326	0.6627906977
0.9885057471	0.7126436782	0.6666666667
0.9886363636	0.7159090909	0.6704545455
0.9887640449	0.7078651685	0.6741573034
0.9888888889	0.7111111111	0.6777777778
0.989010989	0.7142857143	0.6813186813
0.9891304348	0.7173913043	0.6847826087
0.9892473118	0.7204301075	0.688172043
0.9893617021	0.7234042553	0.6914893617
0.9894736842	0.7263157895	0.6947368421
0.9895833333	0.7291666667	0.6979166667
0.9896907216	0.7319587629	0.7010309278
0.9897959184	0.7244897959	0.7040816327
0.9898989899	0.7171717172	0.7070707071
0.99	0.71	0.71
0.9900990099	0.702970297	0.7128712871
0.9901960784	0.7058823529	0.7156862745
0.9902912621	0.7087378641	0.7184466019
0.9903846154	0.7115384615	0.7211538462
0.9904761905	0.7142857143	0.7238095238
0.9905660377	0.7169811321	0.7264150943
0.9906542056	0.7196261682	0.7289719626
0.9907407407	0.7222222222	0.7314814815
0.9908256881	0.7247706422	0.7339449541
0.9909090909	0.7272727273	0.7363636364
0.990990991	0.7297297297	0.7387387387
0.9910714286	0.7232142857	0.7410714286
0.9911504425	0.7256637168	0.7433628319
0.9912280702	0.7280701754	0.7456140351
0.9913043478	0.7304347826	0.747826087
0.9913793103	0.724137931	0.75
0.9914529915	0.7179487179	0.7521367521
0.9915254237	0.7118644068	0.7542372881
0.9915966387	0.7058823529	0.756302521
0.9916666667	0.7	0.75
0.9917355372	0.7024793388	0.7520661157
0.9918032787	0.7049180328	0.7540983607
0.9918699187	0.7073170732	0.756097561
0.9919354839	0.7096774194	0.7580645161
0.992	0.712	0.76
0.9920634921	0.7142857143	0.7619047619
0.9921259843	0.7165354331	0.7637795276
0.9921875	0.71875	0.765625
0.992248062	0.7209302326	0.7674418605
0.9923076923	0.7230769231	0.7615384615
0.9923664122	0.7251908397	0.7557251908
0.9924242424	0.7272727273	0.75
0.992481203	0.7293233083	0.7443609023
0.9925373134	0.723880597	0.7388059701
0.9925925926	0.7259259259	0.7333333333
0.9926470588	0.7279411765	0.7352941176
0.9927007299	0.7299270073	0.7299270073
0.9927536232	0.731884058	0.7246376812
0.9928057554	0.7338129496	0.7194244604
0.9928571429	0.7357142857	0.7142857143
0.9929078014	0.7375886525	0.7092198582
0.9929577465	0.7394366197	0.7042253521
0.993006993	0.7412587413	0.6993006993
0.9930555556	0.7430555556	0.6944444444
0.9931034483	0.7379310345	0.6896551724
0.9931506849	0.7397260274	0.6849315068
0.9931972789	0.7414965986	0.6870748299
0.9932432432	0.7432432432	0.6824324324
0.9932885906	0.744966443	0.677852349
0.9933333333	0.7466666667	0.6733333333
0.9933774834	0.7483443709	0.6688741722
0.9934210526	0.75	0.6644736842
0.9934640523	0.7516339869	0.660130719
0.9935064935	0.7532467532	0.6558441558
0.9935483871	0.7548387097	0.6516129032
0.9935897436	0.7564102564	0.6474358974
0.9936305732	0.7579617834	0.6433121019
0.9936708861	0.7594936709	0.6392405063
0.9937106918	0.7610062893	0.6352201258
0.99375	0.7625	0.63125
0.9937888199	0.7639751553	0.6273291925
0.9938271605	0.7654320988	0.6296296296
0.9938650307	0.7668711656	0.6319018405
0.987804878	0.7682926829	0.6341463415
0.9818181818	0.7696969697	0.6363636364
0.9819277108	0.7710843373	0.6385542169
0.9820359281	0.7724550898	0.6407185629
0.9821428571	0.7738095238	0.6428571429
0.9822485207	0.775147929	0.6449704142
0.9823529412	0.7764705882	0.6470588235
0.9824561404	0.7777777778	0.649122807
0.9825581395	0.7790697674	0.6511627907
0.9826589595	0.7803468208	0.6531791908
0.9827586207	0.7816091954	0.6551724138
0.9828571429	0.7828571429	0.6571428571
0.9829545455	0.7840909091	0.6590909091
0.9830508475	0.7853107345	0.6610169492
0.9831460674	0.7865168539	0.6629213483
0.9832402235	0.7877094972	0.6648044693
0.9833333333	0.7888888889	0.6666666667
0.9834254144	0.7845303867	0.6685082873
0.9835164835	0.7857142857	0.6703296703
0.9836065574	0.7868852459	0.6721311475
0.9836956522	0.7880434783	0.6739130435
0.9837837838	0.7891891892	0.6756756757
0.9838709677	0.7903225806	0.6774193548
0.9839572193	0.7914438503	0.679144385
0.9840425532	0.7925531915	0.6808510638
0.9841269841	0.7936507937	0.6825396825
0.9842105263	0.7947368421	0.6842105263
0.9842931937	0.7958115183	0.6858638743
0.984375	0.796875	0.6875
0.9844559585	0.7979274611	0.689119171
0.9845360825	0.7989690722	0.6907216495
0.9846153846	0.8	0.6923076923
0.9846938776	0.8010204082	0.693877551
0.9847715736	0.8020304569	0.6954314721
0.9848484848	0.803030303	0.696969697
0.9849246231	0.8040201005	0.6984924623
0.985	0.805	0.7
0.9850746269	0.8059701493	0.7014925373
0.9851485149	0.8069306931	0.702970297
0.9852216749	0.8078817734	0.7044334975
0.9852941176	0.8088235294	0.7058823529
0.9853658537	0.8097560976	0.7073170732
0.9854368932	0.8106796117	0.7087378641
0.9855072464	0.8115942029	0.7101449275
0.9855769231	0.8125	0.7115384615
0.985645933	0.8133971292	0.7129186603
0.9857142857	0.8142857143	0.7142857143
0.9857819905	0.8151658768	0.7156398104
0.9858490566	0.8160377358	0.7169811321
0.985915493	0.8169014085	0.7183098592
0.9859813084	0.8177570093	0.7196261682
0.9860465116	0.8186046512	0.7209302326
0.9861111111	0.8194444444	0.7222222222
0.9861751152	0.8202764977	0.7235023041
0.9862385321	0.8211009174	0.7247706422
0.9863013699	0.8219178082	0.7260273973
0.9863636364	0.8227272727	0.7272727273
0.9864253394	0.8235294118	0.7285067873
0.9864864865	0.8243243243	0.7297297297
0.9865470852	0.8251121076	0.730941704
0.9866071429	0.8258928571	0.7321428571
0.9866666667	0.8266666667	0.7333333333
0.9867256637	0.8274336283	0.7345132743
0.986784141	0.8281938326	0.7356828194
0.9868421053	0.8289473684	0.7368421053
0.9868995633	0.8296943231	0.7379912664
0.9869565217	0.8304347826	0.7391304348
0.987012987	0.8311688312	0.7402597403
0.9870689655	0.8318965517	0.7413793103
0.9871244635	0.8326180258	0.7424892704
0.9871794872	0.8333333333	0.7435897436
0.9872340426	0.8340425532	0.7446808511
0.9872881356	0.8347457627	0.7457627119
0.9873417722	0.835443038	0.746835443
0.987394958	0.8361344538	0.7478991597
0.9874476987	0.8368200837	0.7489539749
0.9875	0.8375	0.75
0.9875518672	0.8381742739	0.7510373444
0.9876033058	0.8388429752	0.7520661157
0.987654321	0.8395061728	0.7530864198
0.987704918	0.8401639344	0.7540983607
0.987755102	0.8408163265	0.7551020408
0.987804878	0.8414634146	0.756097561
0.987854251	0.8421052632	0.7570850202
0.9879032258	0.8427419355	0.7580645161
0.9879518072	0.843373494	0.7590361446
0.988	0.844	0.76
0.9880478088	0.8446215139	0.7609561753
0.9880952381	0.8452380952	0.7619047619
0.9881422925	0.8458498024	0.7628458498
0.9881889764	0.8464566929	0.7637795276
0.9843137255	0.8470588235	0.7647058824
0.984375	0.84765625	0.765625
0.9844357977	0.8482490272	0.766536965
0.984496124	0.8488372093	0.7674418605
0.9845559846	0.8494208494	0.7683397683
0.9846153846	0.85	0.7692307692
0.9846743295	0.8505747126	0.7701149425
0.9847328244	0.8511450382	0.7709923664
0.9847908745	0.8517110266	0.7718631179
0.9848484848	0.8522727273	0.7727272727
0.9811320755	0.8528301887	0.7735849057
0.9812030075	0.8533834586	0.7744360902
0.9812734082	0.8539325843	0.7752808989
0.9813432836	0.8544776119	0.776119403
0.9814126394	0.8550185874	0.7769516729
0.9814814815	0.8555555556	0.7777777778
0.9815498155	0.8560885609	0.778597786
0.9816176471	0.8566176471	0.7794117647
0.9816849817	0.8571428571	0.7802197802
0.9817518248	0.8576642336	0.7810218978
0.9818181818	0.8581818182	0.7818181818
0.981884058	0.8586956522	0.7826086957
0.9819494585	0.8592057762	0.7833935018
0.9820143885	0.8597122302	0.7841726619
0.982078853	0.8602150538	0.7849462366
0.9821428571	0.8607142857	0.7857142857
0.9822064057	0.8612099644	0.7864768683
0.9822695035	0.8617021277	0.7872340426
0.9823321555	0.8621908127	0.7879858657
0.9823943662	0.8626760563	0.7887323944
0.9824561404	0.8631578947	0.7894736842
0.979020979	0.8636363636	0.7902097902
0.9790940767	0.8641114983	0.7909407666
0.9791666667	0.8645833333	0.7916666667
0.9792387543	0.8650519031	0.7923875433
0.9793103448	0.8655172414	0.7931034483
0.9793814433	0.8659793814	0.793814433
0.9794520548	0.8664383562	0.7945205479
0.9795221843	0.866894198	0.795221843
0.9795918367	0.8673469388	0.7959183673
0.9796610169	0.8677966102	0.7966101695
0.9797297297	0.8682432432	0.7972972973
0.9797979798	0.8686868687	0.797979798
0.9798657718	0.8691275168	0.7986577181
0.9799331104	0.8695652174	0.7993311037
0.98	0.87	0.8
0.9800664452	0.8704318937	0.8006644518
0.9801324503	0.8708609272	0.8013245033
0.9801980198	0.8712871287	0.801980198
0.9802631579	0.8717105263	0.8026315789
0.9803278689	0.8721311475	0.8032786885
0.9803921569	0.8725490196	0.8039215686
0.9804560261	0.8729641694	0.8045602606
0.9805194805	0.8733766234	0.8051948052
0.9805825243	0.8737864078	0.8058252427
0.9806451613	0.8741935484	0.8064516129
0.9807073955	0.8745980707	0.807073955
0.9807692308	0.875	0.8076923077
0.9808306709	0.875399361	0.8083067093
0.9808917197	0.8757961783	0.8089171975
0.980952381	0.8761904762	0.8095238095
0.9810126582	0.8765822785	0.8101265823
0.9810725552	0.8769716088	0.8107255521
0.9811320755	0.8773584906	0.8113207547
0.9811912226	0.8777429467	0.8119122257
0.98125	0.878125	0.8125
0.9813084112	0.8785046729	0.8130841121
0.9813664596	0.8788819876	0.8136645963
0.9814241486	0.8792569659	0.8142414861
0.9814814815	0.8796296296	0.8148148148
0.9815384615	0.88	0.8153846154
0.981595092	0.8803680982	0.8159509202
0.9816513761	0.880733945	0.8165137615
0.9817073171	0.881097561	0.8170731707
0.9817629179	0.8814589666	0.8176291793
0.9818181818	0.8818181818	0.8181818182
0.9818731118	0.8821752266	0.8187311178
0.9819277108	0.8825301205	0.8192771084
0.981981982	0.8828828829	0.8198198198
0.9820359281	0.8832335329	0.8203592814
0.9820895522	0.8835820896	0.8208955224
0.9791666667	0.8839285714	0.8214285714
0.9762611276	0.884272997	0.821958457
0.9763313609	0.8846153846	0.8224852071
0.9764011799	0.8849557522	0.8230088496
0.9764705882	0.8852941176	0.8235294118
0.9765395894	0.8856304985	0.8240469208
0.9766081871	0.8859649123	0.8245614035
0.9766763848	0.8862973761	0.8250728863
0.976744186	0.886627907	0.8255813953
0.9768115942	0.8869565217	0.8260869565
0.9768786127	0.887283237	0.8265895954
0.976945245	0.8876080692	0.8270893372
0.9770114943	0.8879310345	0.8275862069
0.9770773639	0.888252149	0.8280802292
0.9771428571	0.8885714286	0.8285714286
0.9772079772	0.8888888889	0.8290598291
0.9772727273	0.8892045455	0.8295454545
0.9773371105	0.8895184136	0.8300283286
0.9774011299	0.8898305085	0.8305084746
0.9774647887	0.8901408451	0.8309859155
0.9775280899	0.8904494382	0.8314606742
0.9775910364	0.8907563025	0.8319327731
0.9776536313	0.8910614525	0.8324022346
0.9777158774	0.8913649025	0.8328690808
0.9777777778	0.8916666667	0.8333333333
0.9778393352	0.891966759	0.8337950139
0.9779005525	0.8922651934	0.8342541436
0.9779614325	0.8925619835	0.8347107438
0.978021978	0.8928571429	0.8351648352
0.9780821918	0.8931506849	0.8356164384
0.9781420765	0.893442623	0.8360655738
0.9782016349	0.89373297	0.8365122616
0.9782608696	0.8940217391	0.8369565217
0.9783197832	0.8943089431	0.837398374
0.9783783784	0.8945945946	0.8378378378
0.9784366577	0.8948787062	0.8382749326
0.9784946237	0.8951612903	0.8387096774
0.9785522788	0.8954423592	0.8391420912
0.9786096257	0.8957219251	0.8395721925
0.9786666667	0.896	0.84
0.9787234043	0.8962765957	0.8404255319
0.9787798408	0.8965517241	0.8408488064
0.9788359788	0.8968253968	0.8412698413
0.9788918206	0.8970976253	0.8416886544
0.9789473684	0.8973684211	0.8421052632
0.9790026247	0.8976377953	0.842519685
0.9790575916	0.8979057592	0.8429319372
0.9791122715	0.8981723238	0.8433420366
0.9791666667	0.8984375	0.84375
0.9792207792	0.8987012987	0.8441558442
0.9792746114	0.8989637306	0.8445595855
0.9793281654	0.8992248062	0.8449612403
0.9768041237	0.8994845361	0.8453608247
0.9742930591	0.8997429306	0.8457583548
0.9717948718	0.9	0.8461538462
0.9693094629	0.9002557545	0.8465473146
0.9668367347	0.9005102041	0.8469387755
0.9643765903	0.9007633588	0.8473282443
0.961928934	0.9010152284	0.847715736
0.9594936709	0.9012658228	0.8481012658
0.9570707071	0.9015151515	0.8484848485
0.9546599496	0.9017632242	0.8488664987
0.9522613065	0.9020100503	0.8492462312
0.9498746867	0.9022556391	0.8496240602
0.95	0.9025	0.85
0.9476309227	0.9027431421	0.8503740648
0.947761194	0.9029850746	0.8507462687
0.9478908189	0.9032258065	0.8511166253
0.948019802	0.9034653465	0.8514851485
0.9481481481	0.9037037037	0.8518518519
0.9482758621	0.9039408867	0.8522167488
0.9484029484	0.9041769042	0.8525798526
1	1	1
1	1	1
1	1	1
1	1	1
1	1	1
1	1	1
1	1	1
1	1	1
1	1	1
1	1	1
1	1	1
1	1	1
1	1	1
1	1	1
1	1	1
1	1	1
1	1	1
1	1	1
1	1	1
1	1	1
1	1	1
1	1	1
1	1	1
1	1	1
1	1	1
1	1	1
1	1	1
1	1	1
1	1	1
1	1	1
1	1	1
1	1	1
1	1	1
1	1	1
1	1	1
1	1	1
1	1	1
1	1	1
1	1	1
1	1	1
1	1	1
1	1	1
1	1	1
1	1	1
1	1	1
1	1	1
1	1	1
1	1	1
1	1	1
1	1	1
1	0.9803921569	1
1	0.9807692308	1
1	0.9811320755	1
1	0.962962963	1
1	0.9636363636	1
1	0.9642857143	1
1	0.9649122807	1
1	0.9655172414	1
1	0.9661016949	1
1	0.9666666667	1
1	0.9672131148	1
1	0.9677419355	1
1	0.9682539683	1
1	0.96875	1
1	0.9692307692	1
1	0.9696969697	1
1	0.9701492537	1
1	0.9705882353	1
1	0.9710144928	1
1	0.9714285714	1
1	0.9718309859	1
1	0.9722222222	1
1	0.9726027397	1
1	0.972972973	1
1	0.9733333333	1
1	0.9736842105	1
1	0.974025974	1
1	0.9743589744	1
1	0.9746835443	1
1	0.975	1
1	0.975308642	1
1	0.9756097561	1
1	0.9759036145	1
1	0.9761904762	1
1	0.9764705882	1
1	0.976744186	1
1	0.9770114943	1
1	0.9772727273	1
1	0.9775280899	1
1	0.9777777778	1
1	0.978021978	1
1	0.9782608696	1
1	0.9784946237	1
1	0.9787234043	1
1	0.9789473684	1
1	0.9791666667	1
1	0.9793814433	1
1	0.9795918367	1
1	0.9797979798	1
1	0.98	1
1	0.9801980198	1
1	0.9803921569	1
1	0.9805825243	1
1	0.9807692308	1
1	0.980952381	1
1	0.9811320755	1
1	0.9813084112	1
1	0.9814814815	1
1	0.9816513761	1
1	0.9818181818	1
1	0.981981982	1
1	0.9821428571	1
1	0.982300885	1
1	0.9824561404	1
1	0.9826086957	1
1	0.9827586207	1
1	0.9829059829	1
1	0.9830508475	1
1	0.9831932773	1
1	0.9833333333	1
1	0.9834710744	1
1	0.9836065574	1
1	0.9837398374	1
1	0.9838709677	1
1	0.984	1
1	0.9841269841	1
1	0.9842519685	1
1	0.984375	1
1	0.976744186	1
1	0.9692307692	1
1	0.9618320611	1
1	0.9545454545	1
1	0.954887218	1
1	0.9552238806	1
1	0.9555555556	1
1	0.9558823529	1
1	0.9562043796	1
1	0.9565217391	1
1	0.9568345324	1
1	0.95	1
1	0.9432624113	1
1	0.9436619718	1
1	0.9440559441	1
1	0.9444444444	1
1	0.9448275862	1
1	0.9452054795	1
1	0.9455782313	1
1	0.9459459459	1
1	0.9463087248	1
1	0.9466666667	1
1	0.940397351	1
1	0.9342105263	1
1	0.9346405229	1
1	0.9350649351	1
1	0.935483871	1
1	0.9358974359	1
1	0.9363057325	1
1	0.9367088608	1
1	0.9371069182	1
1	0.9375	1
1	0.9378881988	1
1	0.9382716049	1
1	0.9386503067	1
1	0.9390243902	1
1	0.9393939394	1
1	0.9397590361	1
1	0.9401197605	1
1	0.9404761905	1
1	0.9408284024	1
1	0.9411764706	1
1	0.9415204678	1
1	0.9418604651	1
1	0.9421965318	1
1	0.9425287356	1
1	0.9428571429	1
1	0.9431818182	1
1	0.9435028249	1
1	0.9438202247	1
1	0.9441340782	1
1	0.9444444444	1
1	0.9447513812	1
1	0.9450549451	1
1	0.9453551913	1
1	0.9456521739	1
1	0.9459459459	1
1	0.9462365591	1
1	0.9465240642	1
1	0.9468085106	1
1	0.9470899471	1
1	0.9473684211	1
1	0.9476439791	1
1	0.9479166667	1
1	0.9481865285	1
1	0.9484536082	1
1	0.9487179487	1
1	0.943877551	1
1	0.9441624365	1
1	0.9444444444	1
1	0.9447236181	1
1	0.945	1
1	0.9452736318	1
1	0.9455445545	1
1	0.9458128079	1
1	0.9460784314	1
1	0.9463414634	1
1	0.9466019417	1
1	0.9468599034	1
1	0.9471153846	1
1	0.9473684211	1
1	0.9476190476	1
1	0.9431279621	1
1	0.9433962264	1
1	0.9436619718	1
1	0.9439252336	1
1	0.9441860465	1
1	0.9444444444	1
1	0.9447004608	1
1	0.9449541284	1
1	0.9452054795	1
1	0.9454545455	1
1	0.9457013575	1
1	0.9459459459	1
1	0.9461883408	1
1	0.9464285714	1
1	0.9466666667	1
1	0.9469026549	1
1	0.9471365639	1
1	0.9473684211	1
1	0.9475982533	1
1	0.947826087	1
1	0.9480519481	1
1	0.9482758621	1
1	0.9484978541	1
1	0.9487179487	1
1	0.9489361702	1
1	0.9491525424	1
1	0.9493670886	1
1	0.9495798319	1
1	0.949790795	1
1	0.95	1
1	0.9502074689	1
1	0.9504132231	1
1	0.950617284	1
0.9959016393	0.9508196721	1
0.9959183673	0.9510204082	1
0.9918699187	0.9512195122	1
0.991902834	0.951417004	1
0.9919354839	0.9516129032	1
0.9919678715	0.9518072289	1
0.992	0.952	1
0.9920318725	0.9521912351	1
0.9920634921	0.9523809524	1
0.9920948617	0.95256917	1
0.9921259843	0.9527559055	1
0.9921568627	0.9529411765	1
0.9921875	0.953125	1
0.9922178988	0.953307393	1
0.992248062	0.9534883721	1
0.9922779923	0.9536679537	1
0.9923076923	0.9538461538	1
0.9923371648	0.9540229885	1
0.9923664122	0.9541984733	1
0.9923954373	0.9543726236	1
0.9924242424	0.9545454545	1
0.9924528302	0.9547169811	1
0.992481203	0.954887218	1
0.9925093633	0.9550561798	1
0.9925373134	0.9552238806	1
0.9925650558	0.9553903346	1
0.9925925926	0.9555555556	1
0.9926199262	0.9557195572	1
0.9926470588	0.9558823529	1
0.9926739927	0.956043956	1
0.9927007299	0.9562043796	1
0.9927272727	0.9563636364	1
0.9927536232	0.9565217391	1
0.9927797834	0.9566787004	1
0.9928057554	0.9568345324	1
0.9928315412	0.9569892473	1
0.9928571429	0.9571428571	1
0.9928825623	0.9572953737	1
0.9929078014	0.9574468085	1
0.9929328622	0.9575971731	1
0.9929577465	0.9577464789	1
0.9929824561	0.9578947368	1
0.993006993	0.958041958	1
0.9930313589	0.9581881533	1
0.9930555556	0.9583333333	1
0.9930795848	0.9584775087	1
0.9931034483	0.9586206897	1
0.9931271478	0.9587628866	1
0.9931506849	0.9589041096	1
0.9931740614	0.9590443686	1
0.9931972789	0.9591836735	1
0.993220339	0.9593220339	1
0.9932432432	0.9594594595	1
0.9932659933	0.9595959596	1
0.9932885906	0.9597315436	1
0.9933110368	0.9598662207	1
0.9933333333	0.96	1
0.9933554817	0.9601328904	1
0.9933774834	0.9602649007	1
0.9933993399	0.9603960396	1
0.9934210526	0.9605263158	1
0.993442623	0.9606557377	1
0.9934640523	0.9607843137	1
0.993485342	0.9609120521	1
0.9935064935	0.961038961	1
0.9935275081	0.9611650485	1
0.9935483871	0.9612903226	1
0.9935691318	0.961414791	1
0.9935897436	0.9615384615	1
0.9936102236	0.9616613419	1
0.9936305732	0.9617834395	1
0.9936507937	0.9619047619	1
0.9936708861	0.9620253165	1
0.9936908517	0.9621451104	1
0.9937106918	0.9622641509	1
0.9937304075	0.9623824451	1
0.99375	0.9625	1
0.9937694704	0.9626168224	1
0.9937888199	0.9627329193	1
0.9938080495	0.9628482972	1
0.9938271605	0.962962963	1
0.9938461538	0.9630769231	1
0.9938650307	0.963190184	1
0.993883792	0.9633027523	1
0.993902439	0.9634146341	1
0.9939209726	0.9635258359	1
0.9939393939	0.9636363636	1
0.9939577039	0.9637462236	1
0.9939759036	0.9638554217	1
0.993993994	0.963963964	1
0.994011976	0.9640718563	1
0.9940298507	0.9641791045	1
0.994047619	0.9642857143	1
0.9940652819	0.9643916914	1
0.9940828402	0.9644970414	1
0.994100295	0.9646017699	1
0.9941176471	0.9647058824	1
0.9941348974	0.9648093842	1
0.9941520468	0.9649122807	1
0.9941690962	0.9650145773	1
0.9941860465	0.9651162791	1
0.9942028986	0.9652173913	1
0.9942196532	0.9653179191	1
0.9942363112	0.9654178674	1
0.9942528736	0.9655172414	1
0.994269341	0.9656160458	1
0.9942857143	0.9657142857	1
0.9943019943	0.9658119658	1
0.9943181818	0.9659090909	1
0.9943342776	0.9660056657	1
0.9943502825	0.9661016949	1
0.9943661972	0.9661971831	1
0.9943820225	0.9662921348	1
0.9943977591	0.9663865546	1
0.9944134078	0.9664804469	1
0.9944289694	0.9665738162	1
0.9944444444	0.9666666667	1
0.9944598338	0.9667590028	1
0.9944751381	0.9668508287	1
0.9944903581	0.9669421488	1
0.9945054945	0.967032967	1
0.9945205479	0.9671232877	1
0.9945355191	0.9672131148	1
0.9945504087	0.9673024523	1
0.9945652174	0.9673913043	1
0.9945799458	0.9674796748	1
0.9945945946	0.9675675676	1
0.9946091644	0.9676549865	1
0.9946236559	0.9677419355	1
0.9946380697	0.9678284182	1
0.9946524064	0.9679144385	1
0.9946666667	0.968	1
0.9946808511	0.9680851064	1
0.9946949602	0.9681697613	1
0.9947089947	0.9682539683	1
0.9947229551	0.9683377309	1
0.9947368421	0.9684210526	1
0.9947506562	0.968503937	1
0.9947643979	0.9685863874	1
0.9947780679	0.9686684073	1
0.9947916667	0.96875	1
0.9948051948	0.9688311688	1
0.9948186528	0.9689119171	1
0.9948320413	0.9689922481	1
0.9948453608	0.9690721649	1
0.9948586118	0.969151671	1
0.9948717949	0.9692307692	1
0.9948849105	0.9693094629	1
0.9948979592	0.9693877551	1
0.9949109415	0.9694656489	1
0.9949238579	0.9695431472	1
0.9949367089	0.9696202532	1
0.9949494949	0.9696969697	1
0.9949622166	0.9697732997	1
0.9949748744	0.9698492462	1
0.9949874687	0.969924812	1
0.995	0.97	1
0.9950124688	0.970074813	1
0.9950248756	0.9701492537	1
0.9950372208	0.9702233251	1
0.995049505	0.9702970297	1
0.9950617284	0.9703703704	1
0.9950738916	0.9704433498	1
0.9950859951	0.9705159705	1
0.9950980392	0.9705882353	1
0.9951100244	0.9706601467	1
0.9951219512	0.9707317073	1
0.99513382	0.9708029197	1
0.9951456311	0.9708737864	1
0.995157385	0.9709443099	1
0.9951690821	0.9710144928	1
0.9951807229	0.9710843373	1
1	1	1
1	1	1
1	1	1
1	1	1
1	1	1
1	1	1
1	1	1
1	1	1
1	1	1
1	1	1
1	1	1
1	1	1
1	1	1
1	1	1
1	1	1
1	1	1
1	1	1
1	1	1
1	1	1
1	1	1
1	1	1
1	1	1
1	1	1
1	1	1
1	1	1
1	1	1
1	1	1
1	1	1
1	1	1
1	1	1
1	1	1
1	1	1
1	1	1
1	1	1
1	1	1
1	1	1
1	1	1
1	1	1
1	1	1
1	1	1
1	1	1
1	1	1
1	1	1
1	1	1
1	1	1
1	1	1
1	1	1
1	1	1
1	1	1
1	1	1
1	1	1
1	1	1
1	1	1
1	1	1
1	1	1
1	1	1
1	1	1
1	1	1
1	1	1
1	1	1
1	1	1
1	1	1
1	1	1
1	1	1
1	1	1
1	1	1
1	1	1
1	1	1
1	1	1
1	1	1
1	1	1
1	1	1
1	1	1
1	1	1
1	1	1
1	1	1
1	1	1
1	1	1
1	1	1
1	1	1
1	1	1
1	1	1
1	1	1
1	1	1
1	1	1
1	1	1
1	1	1
1	1	1
1	1	1
1	1	1
1	1	1
1	1	1
1	1	1
1	1	1
1	1	1
1	1	1
1	1	1
1	1	1
1	1	1
1	1	1
1	1	1
1	1	1
1	1	1
1	1	1
1	1	1
1	1	1
1	1	1
1	1	1
1	1	1
1	1	1
1	1	1
1	1	1
1	1	1
1	1	1
1	1	1
1	1	1
1	1	1
1	1	1
1	1	1
1	1	1
1	1	1
1	1	1
1	1	1
1	1	1
1	1	1
1	1	1
1	1	1
1	1	1
1	1	1
1	1	1
1	1	1
1	1	1
1	1	1
1	1	1
1	1	1
1	1	1
1	1	1
1	1	1
1	1	1
1	1	1
1	1	1
1	1	1
1	1	1
1	1	1
1	1	1
1	1	1
1	1	1
1	1	1
1	1	1
1	1	1
1	1	1
1	1	1
1	1	1
1	1	1
1	1	1
1	1	1
1	1	1
1	1	1
1	1	1
1	1	1
1	1	1
1	1	1
1	1	1
1	1	1
1	1	1
1	1	1
1	1	1
1	1	1
1	1	1
1	1	1
1	1	1
1	1	1
1	1	1
1	1	1
1	1	1
1	1	1
1	1	1
1	1	1
1	1	1
1	1	1
1	1	1
1	1	1
1	1	1
1	1	1
1	1	1
1	1	1
1	1	1
1	1	1
1	1	1
1	1	1
1	1	1
1	1	1
1	1	1
1	1	1
1	1	1
1	1	1
1	1	1
1	1	1
1	1	1
1	1	1
1	1	1
1	1	1
1	1	1
1	1	1
1	1	1
1	1	1
1	1	1
1	1	1
1	1	1
1	1	1
1	1	1
1	1	1
1	1	1
1	1	1
1	1	1
1	1	1
1	1	1
1	1	1
1	1	1
1	1	1
1	1	1
1	1	1
1	1	1
1	1	1
1	1	1
1	1	1
1	1	1
1	1	1
1	1	1
1	1	1
1	1	1
1	1	1
1	1	1
1	1	1
1	1	1
1	1	1
1	1	1
1	1	1
1	1	1
1	1	1
1	1	1
1	1	1
1	1	1
1	1	1
1	1	1
1	1	1
1	1	1
1	1	1
1	1	1
1	1	1
1	1	1
1	1	1
1	1	1
1	1	1
1	1	1
1	1	1
1	1	1
1	1	1
1	1	1
1	1	1
1	1	1
1	1	1
1	1	1
1	1	1
1	1	1
1	1	1
1	1	1
1	1	1
1	1	1
1	1	1
1	1	1
1	1	1
1	1	1
1	1	1
1	1	1
1	1	1
1	1	1
1	1	1
1	1	1
1	1	1
1	1	1
1	1	1
1	1	1
1	1	1
1	1	1
1	1	1
1	1	1
1	1	1
1	1	1
1	1	1
1	1	1
1	1	1
1	1	1
1	1	1
1	1	1
1	1	1
1	1	1
1	1	1
1	1	1
1	1	1
1	1	1
1	1	1
1	1	1
1	1	1
1	1	1
1	1	1
1	1	1
1	1	1
1	1	1
1	1	1
1	1	1
1	1	1
1	1	1
1	1	1
1	1	1
1	1	1
1	1	1
1	1	1
1	1	1
1	1	1
1	1	1
1	1	1
1	1	1
1	1	1
1	1	1
1	1	1
1	1	1
1	1	1
1	1	1
1	1	1
1	1	1
1	1	1
1	1	1
1	1	1
1	1	1
1	1	1
1	1	1
1	1	1
1	1	1
1	1	1
1	1	1
1	1	1
1	1	1
1	1	1
1	1	1
1	1	1
1	1	1
1	1	1
1	1	1
1	1	1
1	1	1
1	1	1
1	1	1
1	1	1
1	1	1
1	1	1
1	1	1
1	1	1
1	1	1
1	1	1
1	1	1
1	1	1
1	1	1
1	1	1
1	1	1
1	1	1
1	1	1
1	1	1
1	1	1
1	1	1
1	1	1
1	1	1
1	1	1
1	1	1
1	1	1
1	1	1
1	1	1
1	1	1
1	1	1
1	1	1
1	1	1
1	1	1
1	1	1
1	1	1
1	1	1
1	1	1
1	1	1
1	1	1
1	1	1
1	1	1
1	1	1
1	1	1
1	1	1
1	1	1
1	1	1
1	1	1
1	1	1
1	1	1
1	1	1
1	1	1
1	1	1
1	1	1
1	1	1
1	1	1
1	1	1
1	1	1
1	1	1
1	1	1
1	1	1
1	1	1
1	1	1
1	1	1
1	1	1
1	1	1
1	1	1
1	1	1
1	1	1
1	1	1
1	1	1
1	1	1
1	1	1
1	1	1
1	1	1
1	1	1
1	1	1
1	1	1
1	1	1
1	1	1
1	1	1
1	1	1
1	1	1
1	1	1
1	1	1
1	1	1
1	1	1
1	1	1
1	1	1
1	1	1
1	1	1
1	1	1
1	1	1
1	1	1
1	1	1
1	1	1
1	1	1
1	1	1
1	1	1
1	1	1
1	1	1
1	1	1
1	1	1
1	1	1
1	1	1
1	1	1
1	1	1
1	1	1
1	1	1
1	1	1
1	1	1
1	1	1
1	1	1
1	1	1
1	1	1
1	1	1
1	1	1
1	1	1
1	1	1
1	1	1
1	1	1
1	1	1
1	1	1
1	1	1
1	1	1
1	1	1
1	1	1
1	1	1
1	1	1
1	1	1
1	1	1
1	1	1
1	1	1
1	1	1
1	1	1
1	1	1
1	1	1
1	1	1
1	1	1
1	1	1
1	1	1
1	1	1
1	1	1
1	1	1
1	1	1
1	1	1
1	1	1
1	1	1
1	1	1
1	1	1
1	1	1
1	1	1
1	1	1
1	1	1
1	1	1
1	1	1
1	1	1
1	1	1
1	1	1
1	1	1
1	1	1
1	1	1
1	1	1
1	1	1
1	1	1
1	1	1
1	1	1
1	1	1
1	1	1
1	1	1
1	1	1
1	1	1
1	1	1
1	1	1
1	1	1
1	1	1
1	1	1
1	1	1
1	1	1
1	1	1
1	1	1
1	1	1
1	1	1
1	1	1
1	1	1
1	1	1
1	1	1
1	1	1
1	1	1
1	1	1
1	1	1
1	1	1
1	1	1
1	1	1
1	1	1
1	1	1
1	1	1
1	1	1
1	1	1
1	1	1
1	1	1
1	1	1
1	1	1
1	1	1
1	1	1
1	1	1
1	1	1
1	1	1
1	1	1
1	1	1
1	1	1
1	1	1
1	1	1
1	1	1
1	1	1
1	1	1
1	1	1
1	1	1
1	1	1
1	1	1
1	1	1
1	1	1
1	1	1
1	1	1
1	1	1
1	1	1
1	1	1
1	1	1
1	1	1
1	1	1
1	1	1
1	1	1
1	1	1
1	1	1
1	1	1
1	1	1
1	1	1
1	1	1
1	1	1
1	1	1
1	1	1
1	1	1
1	1	1
1	1	1
1	1	1
1	1	1
1	1	1
1	1	1
1	1	1
1	1	1
1	1	1
1	1	1
1	1	1
1	1	1
1	1	1
1	1	1
1	1	1
1	1	1
1	1	1
1	1	1
1	1	1
1	1	1
1	1	1
1	1	1
1	1	1
1	1	1
1	1	1
1	1	1
1	1	1
1	1	1
1	1	1
1	1	1
1	1	1
1	1	1
1	1	1
1	1	1
1	1	1
1	1	1
1	1	1
1	1	1
1	1	1
1	1	1
1	1	1
1	1	1
1	1	1
1	1	1
1	1	1
1	1	1
1	1	1
1	1	1
1	1	1
1	1	1
1	1	1
1	1	1
1	1	1
1	1	1
1	1	1
1	1	1
1	1	1
1	1	1
1	1	1
1	1	1
1	1	1
1	1	1
1	1	1
1	1	1
1	1	1
1	1	1
1	1	1
1	1	1
1	1	1
1	1	1
1	1	1
1	1	1
1	1	1
1	1	1
1	1	1
1	1	1
1	1	1
1	1	1
1	1	1
1	1	1
1	1	1
1	1	1
1	1	1
1	1	1
1	1	1
1	1	1
1	1	1
1	1	1
1	1	1
1	1	1
1	1	1
1	1	1
1	1	1
1	1	1
1	1	1
1	1	1
1	1	1
1	1	1
1	1	1
1	1	1
1	1	1
1	1	1
1	1	1
1	1	1
1	1	1
1	1	1
1	1	1
1	1	1
1	1	1
1	1	1
1	1	1
1	1	1
1	1	1
1	1	1
1	1	1
1	1	1
1	1	1
1	1	1
1	1	1
1	1	1
1	1	1
1	1	1
1	1	1
1	1	1
1	1	1
1	1	1
1	1	1
1	1	1
1	1	1
1	1	1
1	1	1
1	1	1
1	1	1
1	1	1
1	1	1
1	1	1
1	1	1
1	1	1
1	1	1
1	1	1
1	1	1
1	1	1
1	1	1
1	1	1
1	1	1
1	1	1
1	1	1
1	1	1
1	1	1
1	1	1
1	1	1
1	1	1
1	1	1
1	1	1
1	1	1
1	1	1
1	1	1
1	1	1
1	1	1
1	1	1
1	1	1
1	1	1
1	1	1
1	1	1
1	1	1
1	1	1
1	1	1
1	1	1
1	1	1
1	1	1
1	1	1
1	1	1
1	1	1
1	1	1
1	1	1
1	1	1
1	1	1
1	1	1
1	1	1
1	1	1
1	1	1
1	1	1
1	1	1
1	1	1
1	1	1
1	1	1
1	1	1
1	1	1
1	1	1
1	1	1
1	1	1
1	1	1
1	1	1
1	1	1
1	1	1
1	1	1
1	1	1
1	1	1
1	1	1
1	1	1
1	1	1
1	1	1
1	1	1
1	1	1
1	1	1
1	1	1
1	1	1
1	1	1
1	1	1
1	1	1
1	1	1
1	1	1
1	1	1
1	1	1
1	1	1
1	1	1
1	1	1
1	1	1
1	1	1
1	1	1
1	1	1
1	1	1
1	1	1
1	1	1
1	1	1
1	1	1
1	1	1
1	1	1
1	1	1
1	1	1
1	1	1
1	1	1
1	1	1
1	1	1
1	1	1
1	1	1
1	1	1
1	1	1
1	1	1
1	1	1
1	1	1
1	1	1
1	1	1
1	1	1
1	1	1
1	1	1
1	1	1
1	1	1
1	1	1
1	1	1
1	1	1
1	1	1
1	1	1
1	1	1
1	1	1
1	1	1
1	1	1
1	1	1
1	1	1
1	1	1
1	1	1
1	1	1
1	1	1
1	1	1
1	1	1
1	1	1
1	1	1
1	1	1
1	1	1
1	1	1
1	1	1
1	1	1
1	1	1
1	1	1
1	1	1
1	1	1
1	1	1
1	1	1
1	1	1
1	1	1
1	1	1
1	1	1
1	1	1
1	1	1
1	1	1
1	1	1
1	1	1
1	1	1
1	1	1
1	1	1
1	1	1
1	1	1
1	1	1
1	1	1
1	1	1
1	1	1
1	1	1
1	1	1
1	1	1
1	1	1
1	1	1
1	1	1
1	1	1
1	1	1
1	1	1
1	1	1
1	1	1
1	1	1
1	1	1
1	1	1
1	1	1
1	1	1
1	1	1
1	1	1
1	1	1
1	1	1
1	1	1
1	1	1
1	1	1
1	1	1
1	1	1
1	1	1
1	1	1
1	1	1
1	1	1
1	1	1
1	1	1
1	1	1
1	1	1
1	1	1
1	1	1
1	1	1
1	1	1
1	1	1
1	1	1
1	1	1
1	1	1
1	1	1
1	1	1
1	1	1
1	1	1
1	1	1
1	1	1
1	1	1
1	1	1
1	1	1
1	1	1
1	1	1
1	1	1
1	1	1
1	1	1
1	1	1
1	1	1
1	1	1
1	1	1
1	1	1
1	1	1
1	1	1
1	1	1
1	1	1
1	1	1
1	1	1
1	1	1
1	1	1
1	1	1
1	1	1
1	1	1
1	1	1
1	1	1
1	1	1
1	1	1
1	1	1
1	1	1
1	1	1
1	1	1
1	1	1
1	1	1
1	1	1
1	1	1
1	1	1
1	1	1
1	1	1
1	1	1
1	1	1
1	1	1
1	1	1
1	1	1
1	1	1
1	1	1
1	1	1
1	1	1
1	1	1
1	1	1
1	1	1
1	1	1
1	1	1
1	1	1
1	1	1
1	1	1
1	1	1
1	1	1
1	1	1
1	1	1
1	1	1
1	1	1
1	1	1
1	1	1
1	1	1
1	1	1
1	1	1
1	1	1
1	1	1
1	1	1
1	1	1
1	1	1
1	1	1
1	1	1
1	1	1
1	1	1
1	1	1
1	1	1
1	1	1
1	1	1
1	1	1
1	1	1
1	1	1
1	1	1
1	1	1
1	1	1
1	1	1
1	1	1
1	1	1
1	1	1
1	1	1
1	1	1
1	1	1
1	1	1
1	1	1
1	1	1
1	1	1
1	1	1
1	1	1
1	1	1
1	1	1
1	1	1
1	1	1
1	1	1
1	1	1
1	1	1
1	1	1
1	1	1
1	1	1
1	1	1
1	1	1
1	1	1
1	1	1
1	1	1
1	1	1
1	1	1
1	1	1
1	1	1
1	1	1
1	1	1
1	1	1
1	1	1
1	1	1
1	1	1
1	1	1
1	1	1
1	1	1
1	1	1
1	1	1
1	1	1
1	1	1
1	1	1
1	1	1
1	1	1
1	1	1
1	1	1
1	1	1
1	1	1
1	1	1
1	1	1
1	1	1
1	1	1
1	1	1
1	1	1
1	1	1
1	1	1
1	1	1
1	1	1
1	1	1
1	1	1
1	1	1
1	1	1
1	1	1
1	1	1
1	1	1
1	1	1
0.9963768116	1	1
0.9963898917	1	1
0.9964028777	1	1
0.9928315412	1	1
0.9892857143	1	1
0.9857651246	1	1
0.9858156028	1	1
0.9858657244	1	1
0.985915493	1	1
0.9859649123	1	1
0.986013986	1	1
0.9860627178	1	1
0.9861111111	1	1
0.9861591696	1	1
0.9862068966	1	1
0.9862542955	1	1
0.9863013699	1	1
0.9863481229	1	1
0.9863945578	1	1
0.986440678	1	1
0.9864864865	1	1
0.9865319865	1	1
0.9865771812	1	1
0.9866220736	1	1
0.9866666667	1	1
0.9867109635	1	1
0.9867549669	1	1
0.9867986799	1	1
0.9868421053	1	1
0.9868852459	1	1
0.9869281046	1	1
0.986970684	1	1
0.987012987	1	1
0.9870550162	1	1
0.9870967742	1	1
0.9871382637	1	1
0.9871794872	1	1
0.9872204473	1	1
0.9872611465	1	1
0.9873015873	1	1
0.9873417722	1	1
0.9842271293	1	1
0.9842767296	1	1
0.9811912226	1	1
0.978125	1	1
0.9750778816	1	1
0.9751552795	1	1
0.9721362229	1	1
0.9722222222	1	1
0.9723076923	1	1
0.972392638	1	1
0.9724770642	1	1
0.9725609756	1	1
0.9726443769	1	1
0.9727272727	1	1
0.9728096677	1	1
0.9728915663	1	1
0.972972973	1	1
0.9730538922	1	1
0.9731343284	1	1
0.9732142857	1	1
0.9732937685	1	1
0.9733727811	1	1
0.9734513274	1	1
0.9735294118	1	1
0.9736070381	1	1
0.9736842105	1	1
0.9737609329	1	1
0.9738372093	1	1
0.9739130435	1	1
0.9739884393	1	1
0.9740634006	1	1
0.974137931	1	1
0.9742120344	1	1
0.9742857143	1	1
0.9743589744	1	1
0.9744318182	1	1
0.9745042493	1	1
0.9745762712	1	1
0.9746478873	1	1
0.9747191011	1	1
0.974789916	1	1
0.9748603352	1	1
0.9749303621	1	1
0.975	1	1
0.9750692521	1	1
0.9751381215	1	1
0.9752066116	1	1
0.9752747253	1	1
0.9753424658	1	1
0.9754098361	1	1
0.9754768392	1	1
0.9755434783	1	1
0.9756097561	1	1
0.9756756757	1	1
0.9757412399	1	1
0.9758064516	1	1
0.9758713137	1	1
0.9759358289	1	1
0.976	1	1
0.9760638298	1	1
0.976127321	1	1
0.9761904762	1	1
0.9762532982	1	1
0.9763157895	1	1
0.9763779528	1	1
0.9764397906	1	1
0.9765013055	1	1
0.9765625	1	1
0.9766233766	1	1
0.9766839378	1	1
0.976744186	1	1
0.9768041237	1	1
0.9768637532	1	1
0.9769230769	1	1
0.9769820972	1	1
0.9770408163	1	1
0.9770992366	1	1
0.9771573604	1	1
0.9772151899	1	1
0.9772727273	1	1
0.9773299748	1	1
0.9773869347	1	1
0.977443609	1	1
0.9775	1	1
0.9775561097	1	1
0.9776119403	1	1
0.9776674938	1	1
0.9777227723	1	1
0.9777777778	1	1
0.9778325123	1	1