%Normalized S
0
0
0
0
0
0
0
0
0
0.1818181818
0.2
0.2
0.2929292929
0.3232323232
0.3232323232
0.3333333333
0.3333333333
0.3333333333
0.3333333333
0.3333333333
0.3333333333
0.3333333333
0.3333333333
0.3333333333
0.3636363636
0.4
0.4
0.4
0.4
0.4
0.4545454545
0.4545454545
0.4545454545
0.4675324675
0.4805194805
0.4805194805
0.4805194805
0.4935064935
0.5
0.5
0.5
0.5
0.5
0.5
0.5064935065
0.5194805195
0.5714285714
0.5714285714
0.6262626263
0.6280991736
0.6280991736
0.6363636364
0.6565656566
0.6565656566
0.7107438017
0.7171717172
0.7272727273
0.7272727273
0.7676767677
0.7676767677
1
1
1
1
1
1





































































































































































































































































































































































































































































































































































































































































































































































































































































































































































